119 ForestDryRich 1 0.7224999999999999 0 0 0
119 ForestWetPoor 1 0 0 0 0
119 ForestWetRich 1 0.7482 0 0 0
119 OpenDryRich 1 0.7482 0 0 0
119 OpenWetPoor 1 0 0 0 0
119 OpenWetRich 1 0.7482 0 0 0
136 ForestWetPoor 1 0 0 0 0
136 OpenWetPoor 1 0 0 0 0
137 ForestWetPoor 1 0 0 0 0
137 OpenWetPoor 1 0 0 0 0
138 ForestWetPoor 1 0 0 0 0
138 OpenWetPoor 1 0 0 0 0
139 ForestWetPoor 1 0 0 0 0
139 OpenWetPoor 1 0 0 0 0
163 ForestDryPoor 1 0.8543999999999999 0 0 0
163 ForestDryRich 1 0.99 0 0 0
163 ForestWetRich 1 0.99 0 0 0
163 OpenDryPoor 1 0.9702 0 0 0
163 OpenDryRich 1 0.99 0 0 0
163 OpenWetRich 1 1 0 0 0
177 ForestDryRich 1 0.45181994474265946 0 0 0
177 ForestWetRich 1 0.45560000000000006 0 0 0
177 OpenDryRich 1 0.45181994474265946 0 0 0
177 OpenWetRich 1 0.45560000000000006 0 0 0
178 ForestDryRich 1 0.5158925490084174 0 0 0
178 ForestWetRich 1 0.5183 0 0 0
178 OpenDryRich 1 0.5158925490084174 0 0 0
178 OpenWetRich 1 0.5183 0 0 0
179 ForestDryRich 1 0.4503644162739599 0 0 0
179 ForestWetRich 1 0.4624000000000001 0 0 0
179 OpenDryRich 1 0.4503644162739599 0 0 0
179 OpenWetRich 1 0.4624000000000001 0 0 0
183 ForestDryRich 1 0.41600000000000004 0 0 0
183 OpenDryRich 1 0.41600000000000004 0 0 0
197 ForestDryRich 1 0.33881593176269054 0 0 0
197 ForestWetRich 1 0.354 0 0 0
198 ForestDryRich 1 0.4632185636841029 0 0 0
198 ForestWetRich 1 0.4692 0 0 0
198 OpenDryRich 1 0.4632185636841029 0 0 0
198 OpenWetRich 1 0.4692 0 0 0
199 ForestDryRich 1 0.5214644602726434 0 0 0
199 ForestWetRich 1 0.54 0 0 0
199 OpenDryRich 1 0.5214644602726434 0 0 0
199 OpenWetRich 1 0.54 0 0 0
217 ForestWetRich 1 0.341 0 0 0
218 ForestDryRich 1 0.3766402447517979 0 0 0
218 ForestWetRich 1 0.3844 0 0 0
219 ForestDryRich 1 0.4037289098915138 0 0 0
219 ForestWetRich 1 0.42250000000000004 0 0 0
219 OpenDryRich 1 0.4037289098915138 0 0 0
219 OpenWetRich 1 0.42250000000000004 0 0 0
239 ForestDryRich 1 0.43195591709707676 0 0 0
239 ForestWetRich 1 0.44849999999999995 0 0 0
239 OpenDryRich 1 0.43195591709707676 0 0 0
239 OpenWetRich 1 0.44849999999999995 0 0 0
262 ForestDryRich 1 0.372 0 0 0
262 ForestWetRich 1 0.372 0 0 0
285 ForestDryRich 1 0.3754799803620709 0 0 0
285 ForestWetRich 1 0.38480000000000003 0 0 0
286 ForestDryRich 1 0.44058121697163594 0 0 0
286 ForestWetRich 1 0.4446 0 0 0
286 OpenDryRich 1 0.44058121697163594 0 0 0
286 OpenWetRich 1 0.4446 0 0 0
304 ForestDryRich 1 0.38098262134560995 0 0 0
304 ForestWetRich 1 0.396 0 0 0
307 ForestDryRich 1 0.35402631590740097 0 0 0
307 ForestWetRich 1 0.36719999999999997 0 0 0
325 ForestDryRich 1 0.38629228548139255 0 0 0
326 ForestDryRich 1 0.37190931322789345 0 0 0
326 ForestWetRich 1 0.396 0 0 0
327 ForestDryRich 1 0.35059008926631524 0 0 0
327 ForestWetRich 1 0.3869 0 0 0
327 OpenWetRich 1 0.3996 0 0 0
328 ForestDryRich 1 0.33317023196647855 0 0 0
328 ForestWetRich 1 0.34299999999999997 0 0 0
347 ForestDryRich 1 0.3848526531455672 0 0 0
347 ForestWetRich 1 0.396 0 0 0
348 ForestDryRich 1 0.3852621991517736 0 0 0
348 ForestWetRich 1 0.38880000000000003 0 0 0
368 ForestDryPoor 1 0 0 0 0
368 OpenDryPoor 1 0 0 0 0
369 ForestDryPoor 1 0 0 0 0
369 OpenDryPoor 1 0 0 0 0
370 ForestDryPoor 1 0 0 0 0
370 OpenDryPoor 1 0 0 0 0
391 ForestDryPoor 1 0 0 0 0
391 OpenDryPoor 1 0 0 0 0
119 ForestDryRich 1 0.7224999999999999 0 0 0.04
119 ForestWetRich 1 0.7482 0 0 0.04
119 OpenDryRich 1 0.7482 0 0 0.04
119 OpenWetRich 1 0.7482 0 0 0.04
163 ForestDryPoor 1 0.8543999999999999 0.12 0.12 0.04
163 ForestDryRich 1 0.99 0.12 0.12 0.04
163 ForestWetRich 1 0.99 0.12 0.12 0.04
163 OpenDryPoor 1 0.9702 0.12 0.12 0.04
163 OpenDryRich 1 0.99 0.12 0.12 0.04
163 OpenWetRich 1 1 0.12 0.12 0.04
164 OpenDryPoor 1 0 0.04 0.08 0.04
177 ForestDryRich 1 0.45181994474265946 0.32 0.32 0.04
177 ForestWetRich 1 0.45560000000000006 0.32 0.32 0.04
177 OpenDryRich 1 0.45181994474265946 0.32 0.32 0.04
177 OpenWetRich 1 0.45560000000000006 0.32 0.32 0.04
178 ForestDryRich 1 0.5158925490084174 0.32 0.4799999999999999 0.04
178 ForestWetRich 1 0.5183 0.32 0.4799999999999999 0.04
178 OpenDryRich 1 0.5158925490084174 0.32 0.4799999999999999 0.04
178 OpenWetRich 1 0.5183 0.32 0.4799999999999999 0.04
179 ForestDryRich 1 0.4503644162739599 0 0.16 0.04
179 ForestWetRich 1 0.4624000000000001 0 0.16 0.04
179 OpenDryRich 1 0.4503644162739599 0 0.16 0.04
179 OpenWetRich 1 0.4624000000000001 0 0.16 0.04
184 ForestDryPoor 1 0 0.12 0.2 0.04
184 OpenDryPoor 1 0 0.12 0.2 0.04
185 ForestDryPoor 1 0 0.08 0.2 0.04
185 OpenDryPoor 1 0 0.08 0.2 0.04
197 ForestDryRich 1 0.33881593176269054 0.32 0.32 0.04
197 ForestWetRich 1 0.354 0.32 0.32 0.04
197 OpenDryRich 1 0.33881593176269054 0.32 0.32 0.04
197 OpenWetRich 1 0.354 0.32 0.32 0.04
198 ForestDryRich 1 0.4632185636841029 0.32 0.64 0.04
198 ForestWetRich 1 0.4692 0.32 0.64 0.04
198 OpenDryRich 1 0.4632185636841029 0.32 0.64 0.04
198 OpenWetRich 1 0.4692 0.32 0.64 0.04
199 ForestDryRich 1 0.5214644602726434 0 0.32 0.04
199 ForestWetRich 1 0.54 0 0.32 0.04
199 OpenDryRich 1 0.5214644602726434 0 0.32 0.04
199 OpenWetRich 1 0.54 0 0.32 0.04
205 ForestDryPoor 1 0 0.04 0.08 0.04
206 ForestDryPoor 1 0 0 0.12 0.04
206 OpenDryPoor 1 0 0 0.12 0.04
218 ForestDryRich 1 0.3766402447517979 0.32 0.4799999999999999 0.04
218 ForestWetRich 1 0.3844 0.32 0.4799999999999999 0.04
218 OpenDryRich 1 0.3766402447517979 0.32 0.4799999999999999 0.04
218 OpenWetRich 1 0.3844 0.32 0.4799999999999999 0.04
219 ForestDryRich 1 0.4037289098915138 0 0.32 0.04
219 ForestWetRich 1 0.42250000000000004 0 0.32 0.04
219 OpenDryRich 1 0.4037289098915138 0 0.32 0.04
219 OpenWetRich 1 0.42250000000000004 0 0.32 0.04
239 ForestDryRich 1 0.43195591709707676 0 0.16 0.04
239 ForestWetRich 1 0.44849999999999995 0 0.16 0.04
239 OpenDryRich 1 0.43195591709707676 0 0.16 0.04
239 OpenWetRich 1 0.44849999999999995 0 0.16 0.04
262 ForestWetRich 1 0.372 0.04 0.04 0.04
283 ForestWetRich 1 0.30820000000000003 0.08 0.12 0.04
284 ForestWetRich 1 0.30820000000000003 0.08 0.12 0.04
285 ForestDryRich 1 0.3754799803620709 0.08 0.12 0.04
285 ForestWetRich 1 0.38480000000000003 0.08 0.12 0.04
286 ForestDryRich 1 0.44058121697163594 0.12 0.2 0.04
286 ForestWetRich 1 0.4446 0.12 0.2 0.04
286 OpenWetPoor 1 0 0.12 0.2 0.04
304 ForestDryRich 1 0.38098262134560995 0.08 0.12 0.04
304 ForestWetRich 1 0.396 0.08 0.12 0.04
305 ForestWetRich 1 0.30820000000000003 0.04 0.12 0.04
307 ForestDryRich 1 0.35402631590740097 0.24 0.36 0.04
307 ForestWetPoor 1 0 0.24 0.36 0.04
307 ForestWetRich 1 0.36719999999999997 0.24 0.36 0.04
307 OpenWetPoor 1 0 0.24 0.36 0.04
308 ForestWetPoor 1 0 0.08 0.16 0.04
308 OpenWetPoor 1 0 0.08 0.16 0.04
325 ForestDryRich 1 0.38629228548139255 0.04 0.08 0.04
326 ForestDryRich 1 0.37190931322789345 0.16 0.24000000000000002 0.04
326 ForestWetRich 1 0.396 0.16 0.24000000000000002 0.04
327 ForestDryRich 1 0.35059008926631524 0.2 0.28 0.04
327 ForestWetPoor 1 0 0.2 0.28 0.04
327 ForestWetRich 1 0.3869 0.2 0.28 0.04
328 ForestDryRich 1 0.33317023196647855 0.08 0.36 0.04
328 ForestWetPoor 1 0 0.08 0.36 0.04
328 ForestWetRich 1 0.34299999999999997 0.08 0.36 0.04
328 OpenWetPoor 1 0 0.08 0.36 0.04
329 ForestWetPoor 1 0 0 0.16 0.04
329 OpenWetPoor 1 0 0 0.16 0.04
347 ForestDryRich 1 0.3848526531455672 0.08 0.16 0.04
347 ForestWetRich 1 0.396 0.08 0.16 0.04
348 ForestDryRich 1 0.3852621991517736 0 0.16 0.04
348 ForestWetRich 1 0.38880000000000003 0 0.16 0.04
119 ForestDryRich 1 0.7224999999999999 0 0 0.08
119 ForestWetRich 1 0.7482 0 0 0.08
119 OpenDryRich 1 0.7482 0 0 0.08
119 OpenWetRich 1 0.7482 0 0 0.08
163 ForestDryPoor 1 0.8543999999999999 0.32 0.32 0.08
163 ForestDryRich 1 0.99 0.32 0.32 0.08
163 ForestWetRich 1 0.99 0.32 0.32 0.08
163 OpenDryPoor 1 0.9702 0.32 0.32 0.08
163 OpenDryRich 1 0.99 0.32 0.32 0.08
163 OpenWetRich 1 1 0.32 0.32 0.08
164 ForestDryPoor 1 0 0.16 0.32 0.08
164 OpenDryPoor 1 0 0.16 0.32 0.08
177 ForestDryRich 1 0.45181994474265946 0.64 0.64 0.08
177 ForestWetRich 1 0.45560000000000006 0.64 0.64 0.08
177 OpenDryRich 1 0.45181994474265946 0.64 0.64 0.08
177 OpenWetRich 1 0.45560000000000006 0.64 0.64 0.08
178 ForestDryRich 1 0.5158925490084174 0.64 0.9599999999999999 0.08
178 ForestWetRich 1 0.5183 0.64 0.9599999999999999 0.08
178 OpenDryRich 1 0.5158925490084174 0.64 0.9599999999999999 0.08
178 OpenWetRich 1 0.5183 0.64 0.9599999999999999 0.08
179 ForestDryRich 1 0.4503644162739599 0 0.32 0.08
179 ForestWetRich 1 0.4624000000000001 0 0.32 0.08
179 OpenDryRich 1 0.4503644162739599 0 0.32 0.08
179 OpenWetRich 1 0.4624000000000001 0 0.32 0.08
183 ForestDryPoor 1 0 0.16 0.16 0.08
183 OpenDryPoor 1 0 0.16 0.16 0.08
184 ForestDryPoor 1 0 0.16 0.48000000000000004 0.08
184 OpenDryPoor 1 0 0.16 0.48000000000000004 0.08
185 ForestDryPoor 1 0 0 0.32 0.08
185 OpenDryPoor 1 0 0 0.32 0.08
197 ForestDryRich 1 0.33881593176269054 0.64 0.64 0.08
197 ForestWetRich 1 0.354 0.64 0.64 0.08
197 OpenDryRich 1 0.33881593176269054 0.64 0.64 0.08
197 OpenWetRich 1 0.354 0.64 0.64 0.08
198 ForestDryRich 1 0.4632185636841029 0.64 1.28 0.08
198 ForestWetRich 1 0.4692 0.64 1.28 0.08
198 OpenDryRich 1 0.4632185636841029 0.64 1.28 0.08
198 OpenWetRich 1 0.4692 0.64 1.28 0.08
199 ForestDryRich 1 0.5214644602726434 0 0.64 0.08
199 ForestWetRich 1 0.54 0 0.64 0.08
199 OpenDryRich 1 0.5214644602726434 0 0.64 0.08
199 OpenWetRich 1 0.54 0 0.64 0.08
218 ForestDryRich 1 0.3766402447517979 0.64 0.9599999999999999 0.08
218 ForestWetRich 1 0.3844 0.64 0.9599999999999999 0.08
218 OpenDryRich 1 0.3766402447517979 0.64 0.9599999999999999 0.08
218 OpenWetRich 1 0.3844 0.64 0.9599999999999999 0.08
219 ForestDryRich 1 0.4037289098915138 0 0.64 0.08
219 ForestWetRich 1 0.42250000000000004 0 0.64 0.08
219 OpenDryRich 1 0.4037289098915138 0 0.64 0.08
219 OpenWetRich 1 0.42250000000000004 0 0.64 0.08
239 ForestDryRich 1 0.43195591709707676 0 0.32 0.08
239 ForestWetRich 1 0.44849999999999995 0 0.32 0.08
239 OpenDryRich 1 0.43195591709707676 0 0.32 0.08
239 OpenWetRich 1 0.44849999999999995 0 0.32 0.08
283 ForestWetRich 1 0.30820000000000003 0.16 0.16 0.08
284 ForestWetRich 1 0.30820000000000003 0.16 0.24 0.08
285 ForestWetRich 1 0.38480000000000003 0.08 0.16 0.08
286 ForestWetRich 1 0.4446 0.16 0.24 0.08
286 OpenWetPoor 1 0 0.16 0.24 0.08
304 ForestDryRich 1 0.38098262134560995 0.24 0.32 0.08
304 ForestWetRich 1 0.396 0.24 0.32 0.08
305 ForestDryRich 1 0.2887735495359392 0.16 0.4 0.08
305 ForestWetRich 1 0.30820000000000003 0.16 0.4 0.08
307 ForestWetPoor 1 0 0.4 0.56 0.08
307 ForestWetRich 1 0.36719999999999997 0.4 0.56 0.08
307 OpenWetPoor 1 0 0.4 0.56 0.08
308 ForestWetPoor 1 0 0.16 0.32 0.08
308 OpenWetPoor 1 0 0.16 0.32 0.08
325 ForestDryRich 1 0.38629228548139255 0.16 0.24 0.08
326 ForestDryRich 1 0.37190931322789345 0.32 0.56 0.08
326 ForestWetRich 1 0.396 0.32 0.56 0.08
327 ForestDryRich 1 0.35059008926631524 0.4 0.56 0.08
327 ForestWetPoor 1 0 0.4 0.56 0.08
327 ForestWetRich 1 0.3869 0.4 0.56 0.08
328 ForestDryRich 1 0.33317023196647855 0.32 0.7999999999999999 0.08
328 ForestWetPoor 1 0 0.32 0.7999999999999999 0.08
328 ForestWetRich 1 0.34299999999999997 0.32 0.7999999999999999 0.08
328 OpenWetPoor 1 0 0.32 0.7999999999999999 0.08
329 ForestWetPoor 1 0 0 0.32 0.08
329 OpenWetPoor 1 0 0 0.32 0.08
346 ForestDryRich 1 0.26579285435243744 0.08 0.16 0.08
347 ForestDryRich 1 0.3848526531455672 0.16 0.4 0.08
347 ForestWetRich 1 0.396 0.16 0.4 0.08
348 ForestDryRich 1 0.3852621991517736 0.16 0.48000000000000004 0.08
348 ForestWetRich 1 0.38880000000000003 0.16 0.48000000000000004 0.08
349 ForestDryRich 1 0.27871541090194873 0 0.32 0.08
349 ForestWetRich 1 0.2795 0 0.32 0.08
