119 OpenDryRich 1 0.7482 0 0 0
136 OpenDryRich 1 0.0648 0 0 0
137 ForestDryRich 1 0.08320000000000001 0 0 0
138 ForestDryRich 1 0.006 0 0 0
139 ForestDryRich 1 0.0021000000000000003 0 0 0
140 ForestDryRich 1 0.188 0 0 0
154 ForestDryRich 1 0.0128 0 0 0
155 OpenDryPoor 1 0 0 0 0
156 ForestDryRich 1 0.0036 0 0 0
157 ForestDryRich 1 0.1014 0 0 0
158 ForestDryRich 1 0.1364 0 0 0
159 ForestDryRich 1 0.0748 0 0 0
160 ForestDryRich 1 0.055799999999999995 0 0 0
161 ForestDryRich 1 0.019000000000000003 0 0 0
162 ForestWetRich 1 0.3124 0 0 0
163 OpenWetRich 1 1 0 0 0
164 OpenWetRich 1 0 0 0 0
175 ForestDryRich 1 0.010400000000000001 0 0 0
176 ForestDryRich 1 0.0242 0 0 0
177 ForestDryRich 1 0.45560000000000006 0 0 0
178 ForestDryRich 1 0.5183 0 0 0
179 ForestDryRich 1 0.4624000000000001 0 0 0
180 ForestDryRich 1 0.19 0 0 0
181 ForestDryRich 1 0.1276 0 0 0
182 ForestDryRich 1 0.0874 0 0 0
183 ForestDryRich 1 0.41600000000000004 0 0 0
184 ForestWetPoor 1 0 0 0 0
185 OpenDryPoor 1 0 0 0 0
196 OpenWetRich 1 0 0 0 0
197 ForestDryRich 1 0.354 0 0 0
198 ForestDryRich 1 0.4692 0 0 0
199 ForestDryRich 1 0.54 0 0 0
200 ForestDryPoor 1 0 0 0 0
201 OpenDryPoor 1 0 0 0 0
202 OpenDryRich 1 0 0 0 0
203 ForestWetPoor 1 0 0 0 0
204 ForestWetPoor 1 0 0 0 0
205 ForestWetPoor 1 0 0 0 0
206 OpenDryPoor 1 0 0 0 0
217 ForestDryRich 1 0.341 0 0 0
218 ForestDryRich 1 0.3844 0 0 0
219 ForestDryRich 1 0.42250000000000004 0 0 0
220 ForestWetPoor 1 0 0 0 0
221 OpenDryPoor 1 0 0 0 0
222 OpenWetPoor 1 0 0 0 0
223 ForestDryPoor 1 0 0 0 0
238 ForestDryPoor 1 0 0 0 0
239 ForestDryRich 1 0.44849999999999995 0 0 0
240 OpenWetRich 1 0 0 0 0
259 OpenWetPoor 1 0 0 0 0
260 ForestDryRich 1 0.25079999999999997 0 0 0
261 ForestDryRich 1 0.16799999999999998 0 0 0
262 ForestDryRich 1 0.372 0 0 0
281 ForestDryRich 1 0.12179999999999999 0 0 0
282 ForestDryRich 1 0.0091 0 0 0
283 ForestWetRich 1 0.30820000000000003 0 0 0
284 ForestWetRich 1 0.30820000000000003 0 0 0
285 ForestDryRich 1 0.38480000000000003 0 0 0
286 ForestDryRich 1 0.4446 0 0 0
301 ForestDryPoor 1 0 0 0 0
302 OpenWetPoor 1 0 0 0 0
303 ForestDryRich 1 0.0464 0 0 0
304 ForestWetRich 1 0.396 0 0 0
305 ForestDryRich 1 0.30820000000000003 0 0 0
306 ForestDryPoor 1 0 0 0 0
307 OpenWetRich 1 0.38480000000000003 0 0 0
308 OpenWetRich 1 0 0 0 0
322 ForestDryRich 1 0 0 0 0
323 ForestDryRich 1 0.045 0 0 0
324 ForestDryRich 1 0.23199999999999998 0 0 0
325 OpenDryRich 1 0.38880000000000003 0 0 0
326 ForestWetRich 1 0.396 0 0 0
327 OpenWetRich 1 0.3996 0 0 0
328 OpenWetRich 1 0.3528 0 0 0
329 OpenWetPoor 1 0 0 0 0
343 OpenDryRich 1 0.0273 0 0 0
344 ForestDryRich 1 0.20350000000000001 0 0 0
345 ForestWetRich 1 0.20720000000000002 0 0 0
346 ForestWetRich 1 0.2752 0 0 0
347 ForestWetRich 1 0.396 0 0 0
348 OpenWetRich 1 0.4015 0 0 0
349 OpenWetRich 1 0.2948 0 0 0
367 ForestWetRich 1 0.20720000000000002 0 0 0
368 ForestWetRich 1 0.20720000000000002 0 0 0
369 OpenWetPoor 1 0 0 0 0
370 OpenWetRich 1 0 0 0 0
391 OpenWetRich 1 0.0003 0 0 0
119 OpenDryRich 1 0.7482 0.04 0.04 0.04
136 OpenDryRich 1 0.0648 0.08 0.08 0.04
137 OpenDryRich 1 0.08320000000000001 0.08 0.12 0.04
138 OpenDryRich 1 0.006 0.08 0.12 0.04
139 OpenDryRich 1 0.0021000000000000003 0.08 0.12 0.04
140 OpenDryRich 1 0.188 0.04 0.12 0.04
154 OpenDryRich 1 0.0128 0.08 0.08 0.04
155 OpenDryRich 1 0 0.08 0.12 0.04
156 OpenDryRich 1 0.0036 0.08 0.12 0.04
157 OpenDryRich 1 0.1014 0.08 0.16 0.04
158 OpenDryRich 1 0.1364 0.08 0.16 0.04
159 OpenDryRich 1 0.0748 0.08 0.16 0.04
160 OpenDryRich 1 0.055799999999999995 0.08 0.16 0.04
161 OpenDryRich 1 0.019000000000000003 0.08 0.16 0.04
162 OpenDryRich 1 0.30529999999999996 0.04 0.08 0.04
163 OpenDryPoor 1 0.9702 0.08 0.08 0.04
164 OpenDryPoor 1 0 0.04 0.08 0.04
175 OpenDryRich 1 0.010400000000000001 0.08 0.12 0.04
176 OpenDryRich 1 0.0242 0.08 0.16 0.04
177 OpenDryRich 1 0.45560000000000006 0.08 0.16 0.04
178 OpenDryRich 1 0.5183 0.08 0.16 0.04
179 OpenDryRich 1 0.4624000000000001 0.04 0.12 0.04
180 OpenDryRich 1 0.19 0.04 0.12 0.04
181 OpenDryRich 1 0.1276 0.04 0.12 0.04
182 OpenDryRich 1 0.0874 0.04 0.12 0.04
183 OpenDryRich 1 0.41600000000000004 0 0.08 0.04
184 OpenDryPoor 1 0 0.04 0.08 0.04
185 OpenDryPoor 1 0 0.04 0.12 0.04
196 OpenDryRich 1 0 0.08 0.12 0.04
197 OpenDryRich 1 0.354 0.08 0.16 0.04
198 OpenDryRich 1 0.4692 0.08 0.16 0.04
199 OpenDryRich 1 0.54 0 0.08 0.04
200 ForestWetPoor 1 0 0.08 0.08 0.04
201 ForestWetPoor 1 0 0.04 0.08 0.04
202 ForestDryPoor 1 0 0.08 0.08 0.04
203 ForestDryPoor 1 0 0.04 0.08 0.04
204 ForestDryPoor 1 0 0.04 0.08 0.04
205 ForestDryPoor 1 0 0 0.04 0.04
206 OpenDryPoor 1 0 0 0.04 0.04
217 OpenDryRich 1 0.341 0.08 0.12 0.04
218 OpenDryRich 1 0.3844 0.08 0.16 0.04
219 OpenDryRich 1 0.42250000000000004 0.04 0.12 0.04
220 ForestWetPoor 1 0 0.04 0.04 0.04
221 ForestWetPoor 1 0 0.04 0.12 0.04
222 ForestWetPoor 1 0 0 0.08 0.04
223 ForestDryPoor 1 0 0 0.04 0.04
238 OpenDryRich 1 0 0.04 0.08 0.04
239 OpenDryRich 1 0.44849999999999995 0.04 0.12 0.04
240 OpenDryRich 1 0 0 0.08 0.04
259 OpenWetPoor 1 0 0 0 0.04
260 ForestWetRich 1 0.25079999999999997 0.08 0.08 0.04
261 ForestWetRich 1 0.16799999999999998 0.08 0.12 0.04
262 ForestWetRich 1 0.372 0.04 0.08 0.04
281 ForestWetRich 1 0.12179999999999999 0.04 0.08 0.04
282 ForestWetRich 1 0.0091 0.08 0.16 0.04
283 ForestWetRich 1 0.30820000000000003 0.04 0.12 0.04
284 OpenWetRich 1 0.30820000000000003 0.08 0.08 0.04
285 OpenWetRich 1 0.38480000000000003 0.08 0.12 0.04
286 OpenWetRich 1 0.4446 0.04 0.08 0.04
301 OpenWetPoor 1 0 0.04 0.04 0.04
302 OpenWetPoor 1 0 0 0.04 0.04
303 ForestWetRich 1 0.0464 0.04 0.08 0.04
304 ForestWetRich 1 0.396 0 0.08 0.04
305 OpenWetRich 1 0.30820000000000003 0.08 0.12 0.04
306 OpenWetRich 1 0 0.08 0.16 0.04
307 OpenWetRich 1 0.38480000000000003 0.04 0.12 0.04
308 OpenWetPoor 1 0 0.04 0.04 0.04
322 ForestDryRich 1 0 0.08 0.08 0.04
323 ForestDryRich 1 0.045 0.08 0.12 0.04
324 ForestDryRich 1 0.23199999999999998 0.08 0.12 0.04
325 ForestDryRich 1 0.38880000000000003 0 0.04 0.04
326 OpenWetRich 1 0.396 0.08 0.12 0.04
327 OpenWetRich 1 0.3996 0.08 0.16 0.04
328 OpenWetRich 1 0.3528 0.04 0.12 0.04
329 OpenWetPoor 1 0 0 0.04 0.04
343 ForestDryRich 1 0.0273 0.04 0.08 0.04
344 ForestDryRich 1 0.20350000000000001 0.04 0.12 0.04
345 ForestDryRich 1 0.20350000000000001 0 0.08 0.04
346 OpenWetRich 1 0.2752 0.08 0.08 0.04
347 OpenWetRich 1 0.396 0.08 0.16 0.04
348 OpenWetRich 1 0.4015 0.08 0.16 0.04
349 OpenWetRich 1 0.2948 0.04 0.12 0.04
367 OpenWetRich 1 0.20720000000000002 0.04 0.08 0.04
368 OpenWetRich 1 0.20720000000000002 0.04 0.12 0.04
369 OpenWetRich 1 0 0.04 0.12 0.04
370 OpenWetRich 1 0 0.04 0.12 0.04
391 OpenWetRich 1 0.0003 0 0.04 0.04
119 OpenDryRich 1 0.7482 0.08 0.08 0.08
136 OpenDryRich 1 0.0648 0.16 0.16 0.08
137 OpenDryRich 1 0.08320000000000001 0.16 0.24 0.08
138 OpenDryRich 1 0.006 0.16 0.24 0.08
139 OpenDryRich 1 0.0021000000000000003 0.16 0.24 0.08
140 OpenDryRich 1 0.188 0.08 0.24 0.08
154 OpenDryRich 1 0.0128 0.16 0.16 0.08
155 OpenDryRich 1 0 0.16 0.24 0.08
156 OpenDryRich 1 0.0036 0.16 0.24 0.08
157 OpenDryRich 1 0.1014 0.16 0.32 0.08
158 OpenDryRich 1 0.1364 0.16 0.32 0.08
159 OpenDryRich 1 0.0748 0.16 0.32 0.08
160 OpenDryRich 1 0.055799999999999995 0.16 0.32 0.08
161 OpenDryRich 1 0.019000000000000003 0.16 0.32 0.08
162 OpenDryRich 1 0.30529999999999996 0.08 0.16 0.08
163 OpenDryPoor 1 0.9702 0.16 0.16 0.08
164 OpenDryPoor 1 0 0.08 0.16 0.08
175 OpenDryRich 1 0.010400000000000001 0.16 0.24 0.08
176 OpenDryRich 1 0.0242 0.16 0.32 0.08
177 OpenDryRich 1 0.45560000000000006 0.16 0.32 0.08
178 OpenDryRich 1 0.5183 0.16 0.32 0.08
179 OpenDryRich 1 0.4624000000000001 0.08 0.24 0.08
180 OpenDryRich 1 0.19 0.08 0.24 0.08
181 OpenDryRich 1 0.1276 0.08 0.24 0.08
182 OpenDryRich 1 0.0874 0.08 0.24 0.08
183 OpenDryRich 1 0.41600000000000004 0 0.16 0.08
184 OpenDryPoor 1 0 0.08 0.16 0.08
185 OpenDryPoor 1 0 0.08 0.24 0.08
196 OpenDryRich 1 0 0.16 0.24 0.08
197 OpenDryRich 1 0.354 0.16 0.32 0.08
198 OpenDryRich 1 0.4692 0.16 0.32 0.08
199 OpenDryRich 1 0.54 0 0.16 0.08
200 OpenWetPoor 1 0 0.16 0.16 0.08
201 OpenWetPoor 1 0 0.08 0.16 0.08
202 ForestDryPoor 1 0 0.16 0.16 0.08
203 ForestDryPoor 1 0 0.08 0.16 0.08
204 ForestDryPoor 1 0 0.08 0.16 0.08
205 ForestDryPoor 1 0 0 0.08 0.08
206 OpenDryPoor 1 0 0 0.08 0.08
217 OpenDryRich 1 0.341 0.16 0.24 0.08
218 OpenDryRich 1 0.3844 0.16 0.32 0.08
219 OpenDryRich 1 0.42250000000000004 0.08 0.24 0.08
220 OpenWetPoor 1 0 0.08 0.08 0.08
221 OpenWetPoor 1 0 0.08 0.24 0.08
222 OpenWetPoor 1 0 0 0.16 0.08
223 ForestDryPoor 1 0 0 0.08 0.08
238 OpenDryRich 1 0 0.08 0.16 0.08
239 OpenDryRich 1 0.44849999999999995 0.08 0.24 0.08
240 OpenDryRich 1 0 0 0.16 0.08
259 ForestWetPoor 1 0 0 0 0.08
260 ForestWetRich 1 0.25079999999999997 0.16 0.16 0.08
261 ForestWetRich 1 0.16799999999999998 0.16 0.24 0.08
262 ForestWetRich 1 0.372 0.08 0.16 0.08
281 ForestWetRich 1 0.12179999999999999 0.08 0.16 0.08
282 ForestWetRich 1 0.0091 0.16 0.32 0.08
283 ForestWetRich 1 0.30820000000000003 0.08 0.24 0.08
284 OpenWetRich 1 0.30820000000000003 0.16 0.16 0.08
285 OpenWetRich 1 0.38480000000000003 0.16 0.24 0.08
286 OpenWetRich 1 0.4446 0.08 0.16 0.08
301 ForestWetPoor 1 0 0.08 0.08 0.08
302 ForestWetPoor 1 0 0 0.08 0.08
303 ForestWetRich 1 0.0464 0.08 0.16 0.08
304 ForestWetRich 1 0.396 0 0.16 0.08
305 OpenWetRich 1 0.30820000000000003 0.16 0.24 0.08
306 OpenWetRich 1 0 0.16 0.32 0.08
307 OpenWetRich 1 0.38480000000000003 0.08 0.24 0.08
308 ForestWetPoor 1 0 0.08 0.08 0.08
322 ForestDryRich 1 0 0.16 0.16 0.08
323 ForestDryRich 1 0.045 0.16 0.24 0.08
324 ForestDryRich 1 0.23199999999999998 0.16 0.24 0.08
325 ForestDryRich 1 0.38880000000000003 0 0.08 0.08
326 OpenWetRich 1 0.396 0.16 0.24 0.08
327 OpenWetRich 1 0.3996 0.16 0.32 0.08
328 OpenWetRich 1 0.3528 0.08 0.24 0.08
329 ForestWetPoor 1 0 0 0.08 0.08
343 ForestDryRich 1 0.0273 0.08 0.16 0.08
344 ForestDryRich 1 0.20350000000000001 0.08 0.24 0.08
345 ForestDryRich 1 0.20350000000000001 0 0.16 0.08
346 OpenWetRich 1 0.2752 0.16 0.16 0.08
347 OpenWetRich 1 0.396 0.16 0.32 0.08
348 OpenWetRich 1 0.4015 0.16 0.32 0.08
349 OpenWetRich 1 0.2948 0.08 0.24 0.08
367 OpenWetRich 1 0.20720000000000002 0.08 0.16 0.08
368 OpenWetRich 1 0.20720000000000002 0.08 0.24 0.08
369 OpenWetRich 1 0 0.08 0.24 0.08
370 OpenWetRich 1 0 0.08 0.24 0.08
391 OpenWetRich 1 0.0003 0 0.08 0.08
119 OpenDryRich 1 0.7482 0.12 0.12 0.12
136 OpenDryRich 1 0.0648 0.24 0.24 0.12
137 OpenDryRich 1 0.08320000000000001 0.24 0.36 0.12
138 OpenDryRich 1 0.006 0.24 0.36 0.12
139 OpenDryRich 1 0.0021000000000000003 0.24 0.36 0.12
140 OpenDryRich 1 0.188 0.12 0.36 0.12
154 OpenDryRich 1 0.0128 0.24 0.24 0.12
155 OpenDryRich 1 0 0.24 0.36 0.12
156 OpenDryRich 1 0.0036 0.24 0.36 0.12
157 OpenDryRich 1 0.1014 0.24 0.48 0.12
158 OpenDryRich 1 0.1364 0.24 0.48 0.12
159 OpenDryRich 1 0.0748 0.24 0.48 0.12
160 OpenDryRich 1 0.055799999999999995 0.24 0.48 0.12
161 OpenDryRich 1 0.019000000000000003 0.24 0.48 0.12
162 OpenDryRich 1 0.30529999999999996 0.12 0.24 0.12
163 OpenDryPoor 1 0.9702 0.24 0.24 0.12
164 OpenDryPoor 1 0 0.12 0.24 0.12
175 OpenDryRich 1 0.010400000000000001 0.24 0.36 0.12
176 OpenDryRich 1 0.0242 0.24 0.48 0.12
177 OpenDryRich 1 0.45560000000000006 0.24 0.48 0.12
178 OpenDryRich 1 0.5183 0.24 0.48 0.12
179 OpenDryRich 1 0.4624000000000001 0.12 0.36 0.12
180 OpenDryRich 1 0.19 0.12 0.36 0.12
181 OpenDryRich 1 0.1276 0.12 0.36 0.12
182 OpenDryRich 1 0.0874 0.12 0.36 0.12
183 OpenDryRich 1 0.41600000000000004 0 0.24 0.12
184 OpenDryPoor 1 0 0.12 0.24 0.12
185 OpenDryPoor 1 0 0.12 0.36 0.12
196 OpenDryRich 1 0 0.24 0.36 0.12
197 OpenDryRich 1 0.354 0.24 0.48 0.12
198 OpenDryRich 1 0.4692 0.24 0.48 0.12
199 OpenDryRich 1 0.54 0 0.24 0.12
200 OpenWetPoor 1 0 0.24 0.24 0.12
201 OpenWetPoor 1 0 0.12 0.24 0.12
202 ForestDryPoor 1 0 0.24 0.24 0.12
203 ForestDryPoor 1 0 0.12 0.24 0.12
204 ForestDryPoor 1 0 0.12 0.24 0.12
205 ForestDryPoor 1 0 0 0.12 0.12
206 OpenDryPoor 1 0 0 0.12 0.12
217 OpenDryRich 1 0.341 0.24 0.36 0.12
218 OpenDryRich 1 0.3844 0.24 0.48 0.12
219 OpenDryRich 1 0.42250000000000004 0.12 0.36 0.12
220 OpenWetPoor 1 0 0.12 0.12 0.12
221 OpenWetPoor 1 0 0.12 0.36 0.12
222 OpenWetPoor 1 0 0 0.24 0.12
223 ForestDryPoor 1 0 0 0.12 0.12
238 OpenDryRich 1 0 0.24 0.36 0.12
239 OpenDryRich 1 0.44849999999999995 0.24 0.48 0.12
240 OpenDryRich 1 0 0.12 0.36 0.12
259 OpenDryRich 1 0 0.12 0.24 0.12
260 OpenDryRich 1 0.25079999999999997 0.12 0.36 0.12
261 OpenDryRich 1 0.16799999999999998 0 0.24 0.12
262 ForestWetRich 1 0.372 0.12 0.12 0.12
281 ForestWetRich 1 0.12179999999999999 0.24 0.24 0.12
282 ForestWetRich 1 0.0091 0.24 0.36 0.12
283 ForestWetRich 1 0.30820000000000003 0.12 0.36 0.12
284 OpenWetRich 1 0.30820000000000003 0.24 0.24 0.12
285 OpenWetRich 1 0.38480000000000003 0.24 0.36 0.12
286 OpenWetRich 1 0.4446 0.12 0.24 0.12
301 ForestWetPoor 1 0 0.12 0.12 0.12
302 ForestWetRich 1 0 0.12 0.24 0.12
303 ForestWetRich 1 0.0464 0.12 0.36 0.12
304 ForestWetRich 1 0.396 0 0.24 0.12
305 OpenWetRich 1 0.30820000000000003 0.24 0.36 0.12
306 OpenWetRich 1 0 0.24 0.48 0.12
307 OpenWetRich 1 0.38480000000000003 0.12 0.36 0.12
308 ForestWetPoor 1 0 0.12 0.12 0.12
322 ForestWetPoor 1 0 0.12 0.24 0.12
323 ForestDryRich 1 0.045 0.24 0.24 0.12
324 ForestDryRich 1 0.23199999999999998 0.24 0.36 0.12
325 ForestDryRich 1 0.38880000000000003 0 0.12 0.12
326 OpenWetRich 1 0.396 0.24 0.36 0.12
327 OpenWetRich 1 0.3996 0.24 0.48 0.12
328 OpenWetRich 1 0.3528 0.12 0.36 0.12
329 ForestWetPoor 1 0 0 0.12 0.12
343 ForestWetPoor 1 0 0 0.12 0.12
344 ForestDryRich 1 0.20350000000000001 0.12 0.24 0.12
345 ForestDryRich 1 0.20350000000000001 0 0.24 0.12
346 OpenWetRich 1 0.2752 0.24 0.24 0.12
347 OpenWetRich 1 0.396 0.24 0.48 0.12
348 OpenWetRich 1 0.4015 0.24 0.48 0.12
349 OpenWetRich 1 0.2948 0.12 0.36 0.12
367 OpenWetRich 1 0.20720000000000002 0.12 0.24 0.12
368 OpenWetRich 1 0.20720000000000002 0.12 0.36 0.12
369 OpenWetRich 1 0 0.12 0.36 0.12
370 OpenWetRich 1 0 0.12 0.36 0.12
391 OpenWetRich 1 0.0003 0 0.12 0.12
119 OpenDryRich 1 0.7482 0.16 0.16 0.16
136 OpenDryRich 1 0.0648 0.32 0.32 0.16
137 OpenDryRich 1 0.08320000000000001 0.32 0.48 0.16
138 OpenDryRich 1 0.006 0.32 0.48 0.16
139 OpenDryRich 1 0.0021000000000000003 0.32 0.48 0.16
140 OpenDryRich 1 0.188 0.16 0.48 0.16
154 ForestDryPoor 1 0 0.32 0.32 0.16
155 ForestDryPoor 1 0 0.16 0.32 0.16
156 OpenDryRich 1 0.0036 0.32 0.32 0.16
157 OpenDryRich 1 0.1014 0.32 0.64 0.16
158 OpenDryRich 1 0.1364 0.32 0.64 0.16
159 OpenDryRich 1 0.0748 0.32 0.64 0.16
160 OpenDryRich 1 0.055799999999999995 0.32 0.64 0.16
161 OpenDryRich 1 0.019000000000000003 0.32 0.64 0.16
162 OpenDryRich 1 0.30529999999999996 0.16 0.32 0.16
163 OpenDryPoor 1 0.9702 0.32 0.32 0.16
164 OpenDryPoor 1 0 0.16 0.32 0.16
175 ForestDryPoor 1 0 0.32 0.48 0.16
176 ForestDryPoor 1 0 0 0.32 0.16
177 OpenDryRich 1 0.45560000000000006 0.16 0.32 0.16
178 OpenDryRich 1 0.5183 0.16 0.48 0.16
179 OpenDryRich 1 0.4624000000000001 0.16 0.48 0.16
180 OpenDryRich 1 0.19 0.16 0.48 0.16
181 OpenDryRich 1 0.1276 0.16 0.48 0.16
182 OpenDryRich 1 0.0874 0.16 0.48 0.16
183 OpenDryRich 1 0.41600000000000004 0 0.32 0.16
184 OpenDryPoor 1 0 0.16 0.32 0.16
185 OpenDryPoor 1 0 0.16 0.48 0.16
196 ForestDryPoor 1 0 0 0.16 0.16
197 ForestWetRich 1 0.354 0.32 0.32 0.16
198 ForestWetRich 1 0.4692 0.32 0.48 0.16
199 ForestWetRich 1 0.54 0.16 0.32 0.16
200 ForestWetPoor 1 0 0.32 0.32 0.16
201 ForestWetPoor 1 0 0.32 0.48 0.16
202 ForestWetPoor 1 0 0.16 0.32 0.16
203 OpenWetPoor 1 0 0.16 0.16 0.16
204 OpenWetPoor 1 0 0.16 0.32 0.16
205 OpenWetPoor 1 0 0 0.16 0.16
206 OpenDryPoor 1 0 0 0.16 0.16
217 ForestWetRich 1 0.341 0.32 0.32 0.16
218 ForestWetRich 1 0.3844 0.32 0.64 0.16
219 ForestWetRich 1 0.42250000000000004 0.32 0.64 0.16
220 ForestWetRich 1 0 0 0.32 0.16
221 ForestWetPoor 1 0 0.16 0.32 0.16
222 ForestWetPoor 1 0 0.16 0.48 0.16
223 ForestWetPoor 1 0 0 0.32 0.16
238 ForestWetRich 1 0 0.32 0.48 0.16
239 ForestWetRich 1 0.44849999999999995 0.32 0.64 0.16
240 ForestWetRich 1 0 0.16 0.48 0.16
259 ForestWetRich 1 0 0.16 0.32 0.16
260 ForestWetRich 1 0.25079999999999997 0.32 0.64 0.16
261 ForestWetRich 1 0.16799999999999998 0.32 0.64 0.16
262 ForestWetRich 1 0.372 0.16 0.32 0.16
281 ForestWetRich 1 0.12179999999999999 0.16 0.32 0.16
282 ForestWetRich 1 0.0091 0.16 0.48 0.16
283 ForestWetRich 1 0.30820000000000003 0 0.32 0.16
284 OpenWetRich 1 0.30820000000000003 0.32 0.32 0.16
285 OpenWetRich 1 0.38480000000000003 0.32 0.48 0.16
286 OpenWetRich 1 0.4446 0.16 0.32 0.16
301 ForestDryRich 1 0 0.32 0.32 0.16
302 ForestDryRich 1 0 0.32 0.48 0.16
303 ForestDryRich 1 0.0464 0.32 0.48 0.16
304 ForestDryRich 1 0.38880000000000003 0.16 0.32 0.16
305 OpenWetRich 1 0.30820000000000003 0.32 0.48 0.16
306 OpenWetRich 1 0 0.32 0.64 0.16
307 OpenWetRich 1 0.38480000000000003 0.16 0.48 0.16
308 OpenWetPoor 1 0 0.16 0.16 0.16
322 ForestDryRich 1 0 0.32 0.48 0.16
323 ForestDryRich 1 0.045 0.32 0.64 0.16
324 ForestDryRich 1 0.23199999999999998 0.32 0.64 0.16
325 ForestDryRich 1 0.38880000000000003 0 0.32 0.16
326 OpenWetRich 1 0.396 0.32 0.48 0.16
327 OpenWetRich 1 0.3996 0.32 0.64 0.16
328 OpenWetRich 1 0.3528 0.16 0.48 0.16
329 OpenWetPoor 1 0 0 0.16 0.16
343 ForestDryRich 1 0.0273 0.16 0.32 0.16
344 ForestDryRich 1 0.20350000000000001 0.16 0.48 0.16
345 ForestDryRich 1 0.20350000000000001 0 0.32 0.16
346 OpenWetRich 1 0.2752 0.32 0.32 0.16
347 OpenWetRich 1 0.396 0.32 0.64 0.16
348 OpenWetRich 1 0.4015 0.32 0.64 0.16
349 OpenWetRich 1 0.2948 0.16 0.48 0.16
367 OpenWetRich 1 0.20720000000000002 0.16 0.32 0.16
368 OpenWetRich 1 0.20720000000000002 0.16 0.48 0.16
369 OpenWetRich 1 0 0.16 0.48 0.16
370 OpenWetRich 1 0 0.16 0.48 0.16
391 OpenWetRich 1 0.0003 0 0.16 0.16
119 OpenDryRich 1 0.7482 0.2 0.2 0.2
136 OpenDryRich 1 0.0648 0.4 0.4 0.2
137 OpenDryRich 1 0.08320000000000001 0.4 0.6000000000000001 0.2
138 OpenDryRich 1 0.006 0.4 0.6000000000000001 0.2
139 OpenDryRich 1 0.0021000000000000003 0.4 0.6000000000000001 0.2
140 OpenDryRich 1 0.188 0.2 0.6000000000000001 0.2
154 OpenWetPoor 1 0 0.4 0.4 0.2
155 OpenWetPoor 1 0 0.2 0.4 0.2
156 OpenDryRich 1 0.0036 0.4 0.4 0.2
157 OpenDryRich 1 0.1014 0.4 0.8 0.2
158 OpenDryRich 1 0.1364 0.4 0.8 0.2
159 OpenDryRich 1 0.0748 0.4 0.8 0.2
160 OpenDryRich 1 0.055799999999999995 0.4 0.8 0.2
161 OpenDryRich 1 0.019000000000000003 0.4 0.8 0.2
162 OpenDryRich 1 0.30529999999999996 0.2 0.4 0.2
163 OpenDryPoor 1 0.9702 0.4 0.4 0.2
164 OpenDryPoor 1 0 0.2 0.4 0.2
175 OpenWetPoor 1 0 0.4 0.6000000000000001 0.2
176 OpenWetPoor 1 0 0 0.4 0.2
177 OpenDryRich 1 0.45560000000000006 0.2 0.4 0.2
178 OpenDryRich 1 0.5183 0.2 0.6000000000000001 0.2
179 OpenDryRich 1 0.4624000000000001 0.2 0.6000000000000001 0.2
180 OpenDryRich 1 0.19 0.2 0.6000000000000001 0.2
181 OpenDryRich 1 0.1276 0.2 0.6000000000000001 0.2
182 OpenDryRich 1 0.0874 0.2 0.6000000000000001 0.2
183 OpenDryRich 1 0.41600000000000004 0 0.4 0.2
184 OpenDryPoor 1 0 0.2 0.4 0.2
185 OpenDryPoor 1 0 0.2 0.6000000000000001 0.2
196 OpenWetPoor 1 0 0 0.2 0.2
197 ForestWetRich 1 0.354 0.4 0.4 0.2
198 ForestWetRich 1 0.4692 0.4 0.6000000000000001 0.2
199 ForestWetRich 1 0.54 0.2 0.4 0.2
200 ForestWetPoor 1 0 0.4 0.4 0.2
201 ForestWetPoor 1 0 0.4 0.6000000000000001 0.2
202 ForestWetPoor 1 0 0.2 0.4 0.2
203 ForestDryPoor 1 0 0.2 0.2 0.2
204 ForestDryPoor 1 0 0.2 0.4 0.2
205 ForestDryPoor 1 0 0 0.2 0.2
206 OpenDryPoor 1 0 0 0.2 0.2
217 ForestWetRich 1 0.341 0.4 0.4 0.2
218 ForestWetRich 1 0.3844 0.4 0.8 0.2
219 ForestWetRich 1 0.42250000000000004 0.4 0.8 0.2
220 ForestWetRich 1 0 0 0.4 0.2
221 ForestWetPoor 1 0 0.2 0.4 0.2
222 ForestWetPoor 1 0 0.2 0.6000000000000001 0.2
223 ForestWetPoor 1 0 0 0.4 0.2
238 ForestWetRich 1 0 0.4 0.6000000000000001 0.2
239 ForestWetRich 1 0.44849999999999995 0.4 0.8 0.2
240 ForestWetRich 1 0 0.2 0.6000000000000001 0.2
259 ForestWetRich 1 0 0.2 0.4 0.2
260 ForestWetRich 1 0.25079999999999997 0.4 0.8 0.2
261 ForestWetRich 1 0.16799999999999998 0.4 0.8 0.2
262 ForestWetRich 1 0.372 0.2 0.4 0.2
281 ForestWetRich 1 0.12179999999999999 0.2 0.4 0.2
282 ForestWetRich 1 0.0091 0.2 0.6000000000000001 0.2
283 ForestWetRich 1 0.30820000000000003 0 0.4 0.2
284 OpenWetRich 1 0.30820000000000003 0.4 0.4 0.2
285 OpenWetRich 1 0.38480000000000003 0.4 0.6000000000000001 0.2
286 OpenWetRich 1 0.4446 0.2 0.4 0.2
301 ForestDryRich 1 0 0.4 0.4 0.2
302 ForestDryRich 1 0 0.4 0.6000000000000001 0.2
303 ForestDryRich 1 0.0464 0.4 0.6000000000000001 0.2
304 ForestDryRich 1 0.38880000000000003 0.2 0.4 0.2
305 OpenWetRich 1 0.30820000000000003 0.4 0.6000000000000001 0.2
306 OpenWetRich 1 0 0.4 0.8 0.2
307 OpenWetRich 1 0.38480000000000003 0.2 0.6000000000000001 0.2
308 ForestDryPoor 1 0 0.2 0.2 0.2
322 ForestDryRich 1 0 0.4 0.6000000000000001 0.2
323 ForestDryRich 1 0.045 0.4 0.8 0.2
324 ForestDryRich 1 0.23199999999999998 0.4 0.8 0.2
325 ForestDryRich 1 0.38880000000000003 0 0.4 0.2
326 OpenWetRich 1 0.396 0.4 0.6000000000000001 0.2
327 OpenWetRich 1 0.3996 0.4 0.8 0.2
328 OpenWetRich 1 0.3528 0.2 0.6000000000000001 0.2
329 ForestDryPoor 1 0 0 0.2 0.2
343 ForestDryRich 1 0.0273 0.2 0.4 0.2
344 ForestDryRich 1 0.20350000000000001 0.2 0.6000000000000001 0.2
345 ForestDryRich 1 0.20350000000000001 0 0.4 0.2
346 OpenWetRich 1 0.2752 0.4 0.4 0.2
347 OpenWetRich 1 0.396 0.4 0.8 0.2
348 OpenWetRich 1 0.4015 0.4 0.8 0.2
349 OpenWetRich 1 0.2948 0.2 0.6000000000000001 0.2
367 OpenWetRich 1 0.20720000000000002 0.2 0.4 0.2
368 OpenWetRich 1 0.20720000000000002 0.2 0.6000000000000001 0.2
369 OpenWetRich 1 0 0.2 0.6000000000000001 0.2
370 OpenWetRich 1 0 0.2 0.6000000000000001 0.2
391 OpenWetRich 1 0.0003 0 0.2 0.2
119 OpenDryRich 1 0.7482 0.24 0.24 0.24
136 OpenDryRich 1 0.0648 0.48 0.48 0.24
137 OpenDryRich 1 0.08320000000000001 0.48 0.72 0.24
138 OpenDryRich 1 0.006 0.48 0.72 0.24
139 OpenDryRich 1 0.0021000000000000003 0.48 0.72 0.24
140 OpenDryRich 1 0.188 0.24 0.72 0.24
154 ForestWetPoor 1 0 0.48 0.48 0.24
155 ForestWetPoor 1 0 0.24 0.48 0.24
156 OpenDryRich 1 0.0036 0.48 0.48 0.24
157 OpenDryRich 1 0.1014 0.48 0.96 0.24
158 OpenDryRich 1 0.1364 0.48 0.96 0.24
159 OpenDryRich 1 0.0748 0.48 0.96 0.24
160 OpenDryRich 1 0.055799999999999995 0.48 0.96 0.24
161 OpenDryRich 1 0.019000000000000003 0.48 0.96 0.24
162 OpenDryRich 1 0.30529999999999996 0.24 0.48 0.24
163 OpenDryPoor 1 0.9702 0.48 0.48 0.24
164 OpenDryPoor 1 0 0.24 0.48 0.24
175 ForestWetPoor 1 0 0.48 0.72 0.24
176 ForestWetPoor 1 0 0 0.48 0.24
177 OpenDryRich 1 0.45560000000000006 0.24 0.48 0.24
178 OpenDryRich 1 0.5183 0.24 0.72 0.24
179 OpenDryRich 1 0.4624000000000001 0.24 0.72 0.24
180 OpenDryRich 1 0.19 0.24 0.72 0.24
181 OpenDryRich 1 0.1276 0.24 0.72 0.24
182 OpenDryRich 1 0.0874 0.24 0.72 0.24
183 OpenDryRich 1 0.41600000000000004 0 0.48 0.24
184 OpenDryPoor 1 0 0.24 0.48 0.24
185 OpenDryPoor 1 0 0.24 0.72 0.24
196 ForestWetPoor 1 0 0 0.24 0.24
197 ForestWetRich 1 0.354 0.48 0.48 0.24
198 ForestWetRich 1 0.4692 0.48 0.72 0.24
199 ForestWetRich 1 0.54 0.24 0.48 0.24
200 OpenWetPoor 1 0 0.48 0.48 0.24
201 OpenWetPoor 1 0 0.48 0.72 0.24
202 OpenWetPoor 1 0 0.24 0.48 0.24
203 ForestDryPoor 1 0 0.24 0.24 0.24
204 ForestDryPoor 1 0 0.24 0.48 0.24
205 ForestDryPoor 1 0 0 0.24 0.24
206 OpenDryPoor 1 0 0 0.24 0.24
217 ForestWetRich 1 0.341 0.48 0.48 0.24
218 ForestWetRich 1 0.3844 0.48 0.96 0.24
219 ForestWetRich 1 0.42250000000000004 0.48 0.96 0.24
220 ForestWetRich 1 0 0 0.48 0.24
221 OpenWetPoor 1 0 0.24 0.48 0.24
222 OpenWetPoor 1 0 0.24 0.72 0.24
223 OpenWetPoor 1 0 0 0.48 0.24
238 ForestWetRich 1 0 0.48 0.72 0.24
239 ForestWetRich 1 0.44849999999999995 0.48 0.96 0.24
240 ForestWetRich 1 0 0.24 0.72 0.24
259 ForestWetRich 1 0 0.24 0.48 0.24
260 ForestWetRich 1 0.25079999999999997 0.48 0.96 0.24
261 ForestWetRich 1 0.16799999999999998 0.48 0.96 0.24
262 ForestWetRich 1 0.372 0.24 0.48 0.24
281 ForestWetRich 1 0.12179999999999999 0.24 0.48 0.24
282 ForestWetRich 1 0.0091 0.24 0.72 0.24
283 ForestWetRich 1 0.30820000000000003 0 0.48 0.24
284 OpenWetRich 1 0.30820000000000003 0.48 0.48 0.24
285 OpenWetRich 1 0.38480000000000003 0.48 0.72 0.24
286 OpenWetRich 1 0.4446 0.24 0.48 0.24
301 ForestDryRich 1 0 0.48 0.48 0.24
302 ForestDryRich 1 0 0.48 0.72 0.24
303 ForestDryRich 1 0.0464 0.48 0.72 0.24
304 ForestDryRich 1 0.38880000000000003 0.24 0.48 0.24
305 OpenWetRich 1 0.30820000000000003 0.48 0.72 0.24
306 OpenWetRich 1 0 0.48 0.96 0.24
307 OpenWetRich 1 0.38480000000000003 0.24 0.72 0.24
308 ForestDryPoor 1 0 0.24 0.24 0.24
322 ForestDryRich 1 0 0.48 0.72 0.24
323 ForestDryRich 1 0.045 0.48 0.96 0.24
324 ForestDryRich 1 0.23199999999999998 0.48 0.96 0.24
325 ForestDryRich 1 0.38880000000000003 0 0.48 0.24
326 OpenWetRich 1 0.396 0.48 0.72 0.24
327 OpenWetRich 1 0.3996 0.48 0.96 0.24
328 OpenWetRich 1 0.3528 0.24 0.72 0.24
329 ForestDryPoor 1 0 0 0.24 0.24
343 ForestDryRich 1 0.0273 0.24 0.48 0.24
344 ForestDryRich 1 0.20350000000000001 0.24 0.72 0.24
345 ForestDryRich 1 0.20350000000000001 0 0.48 0.24
346 OpenWetRich 1 0.2752 0.48 0.48 0.24
347 OpenWetRich 1 0.396 0.48 0.96 0.24
348 OpenWetRich 1 0.4015 0.48 0.96 0.24
349 OpenWetRich 1 0.2948 0.24 0.72 0.24
367 OpenWetRich 1 0.20720000000000002 0.24 0.48 0.24
368 OpenWetRich 1 0.20720000000000002 0.24 0.72 0.24
369 OpenWetRich 1 0 0.24 0.72 0.24
370 OpenWetRich 1 0 0.24 0.72 0.24
391 OpenWetRich 1 0.0003 0 0.24 0.24
119 OpenDryRich 1 0.7482 0.28 0.28 0.28
136 OpenDryRich 1 0.0648 0.56 0.56 0.28
137 OpenDryRich 1 0.08320000000000001 0.56 0.8400000000000001 0.28
138 OpenDryRich 1 0.006 0.56 0.8400000000000001 0.28
139 OpenDryRich 1 0.0021000000000000003 0.56 0.8400000000000001 0.28
140 OpenDryRich 1 0.188 0.28 0.8400000000000001 0.28
154 ForestWetPoor 1 0 0.56 0.56 0.28
155 ForestWetPoor 1 0 0.28 0.56 0.28
156 OpenDryRich 1 0.0036 0.56 0.56 0.28
157 OpenDryRich 1 0.1014 0.56 1.12 0.28
158 OpenDryRich 1 0.1364 0.56 1.12 0.28
159 OpenDryRich 1 0.0748 0.56 1.12 0.28
160 OpenDryRich 1 0.055799999999999995 0.56 1.12 0.28
161 OpenDryRich 1 0.019000000000000003 0.56 1.12 0.28
162 OpenDryRich 1 0.30529999999999996 0.28 0.56 0.28
163 OpenDryPoor 1 0.9702 0.56 0.56 0.28
164 OpenDryPoor 1 0 0.28 0.56 0.28
175 ForestWetPoor 1 0 0.56 0.8400000000000001 0.28
176 ForestWetPoor 1 0 0 0.56 0.28
177 OpenDryRich 1 0.45560000000000006 0.28 0.56 0.28
178 OpenDryRich 1 0.5183 0.28 0.8400000000000001 0.28
179 OpenDryRich 1 0.4624000000000001 0.28 0.8400000000000001 0.28
180 OpenDryRich 1 0.19 0.28 0.8400000000000001 0.28
181 OpenDryRich 1 0.1276 0.28 0.8400000000000001 0.28
182 OpenDryRich 1 0.0874 0.56 1.12 0.28
183 OpenDryRich 1 0.41600000000000004 0.28 0.8400000000000001 0.28
184 OpenDryPoor 1 0 0.56 0.8400000000000001 0.28
185 OpenDryPoor 1 0 0.28 0.8400000000000001 0.28
196 ForestWetPoor 1 0 0 0.28 0.28
197 ForestWetRich 1 0.354 0.56 0.56 0.28
198 ForestWetRich 1 0.4692 0.56 0.8400000000000001 0.28
199 ForestWetRich 1 0.54 0.28 0.56 0.28
200 ForestDryPoor 1 0 0.56 0.56 0.28
201 ForestDryPoor 1 0 0.56 0.8400000000000001 0.28
202 ForestDryPoor 1 0 0.28 0.56 0.28
203 OpenDryRich 1 0 0.28 0.56 0.28
204 OpenDryRich 1 0 0 0.56 0.28
205 OpenDryPoor 1 0 0.28 0.56 0.28
206 OpenDryPoor 1 0 0 0.56 0.28
217 ForestWetRich 1 0.341 0.56 0.56 0.28
218 ForestWetRich 1 0.3844 0.56 1.12 0.28
219 ForestWetRich 1 0.42250000000000004 0.56 1.12 0.28
220 ForestWetRich 1 0 0 0.56 0.28
221 ForestDryPoor 1 0 0.28 0.56 0.28
222 ForestDryPoor 1 0 0.28 0.8400000000000001 0.28
223 ForestDryPoor 1 0 0 0.56 0.28
238 ForestWetRich 1 0 0.56 0.8400000000000001 0.28
239 ForestWetRich 1 0.44849999999999995 0.56 1.12 0.28
240 ForestWetRich 1 0 0.28 0.8400000000000001 0.28
259 ForestWetRich 1 0 0.28 0.56 0.28
260 ForestWetRich 1 0.25079999999999997 0.56 1.12 0.28
261 ForestWetRich 1 0.16799999999999998 0.56 1.12 0.28
262 ForestWetRich 1 0.372 0.28 0.56 0.28
281 ForestWetRich 1 0.12179999999999999 0.28 0.56 0.28
282 ForestWetRich 1 0.0091 0.28 0.8400000000000001 0.28
283 ForestWetRich 1 0.30820000000000003 0 0.56 0.28
284 OpenWetRich 1 0.30820000000000003 0.56 0.56 0.28
285 OpenWetRich 1 0.38480000000000003 0.56 0.8400000000000001 0.28
286 OpenWetRich 1 0.4446 0.28 0.56 0.28
301 OpenWetPoor 1 0 0.56 0.56 0.28
302 OpenWetPoor 1 0 0.28 0.56 0.28
303 ForestDryRich 1 0.0464 0.56 0.56 0.28
304 ForestDryRich 1 0.38880000000000003 0.28 0.56 0.28
305 OpenWetRich 1 0.30820000000000003 0.56 0.8400000000000001 0.28
306 OpenWetRich 1 0 0.56 1.12 0.28
307 OpenWetRich 1 0.38480000000000003 0.56 1.12 0.28
308 OpenWetRich 1 0 0.28 0.56 0.28
322 OpenWetPoor 1 0 0.56 0.8400000000000001 0.28
323 OpenWetPoor 1 0 0 0.56 0.28
324 ForestDryRich 1 0.23199999999999998 0.56 0.8400000000000001 0.28
325 ForestDryRich 1 0.38880000000000003 0 0.56 0.28
326 OpenWetRich 1 0.396 0.56 0.8400000000000001 0.28
327 OpenWetRich 1 0.3996 0.56 1.12 0.28
328 OpenWetRich 1 0.3528 0.56 1.12 0.28
329 OpenWetRich 1 0 0 0.56 0.28
343 OpenWetPoor 1 0 0 0.28 0.28
344 ForestDryRich 1 0.20350000000000001 0.28 0.28 0.28
345 ForestDryRich 1 0.20350000000000001 0 0.56 0.28
346 OpenWetRich 1 0.2752 0.56 0.56 0.28
347 OpenWetRich 1 0.396 0.56 1.12 0.28
348 OpenWetRich 1 0.4015 0.56 1.12 0.28
349 OpenWetRich 1 0.2948 0.28 0.8400000000000001 0.28
367 OpenWetRich 1 0.20720000000000002 0.28 0.56 0.28
368 OpenWetRich 1 0.20720000000000002 0.28 0.8400000000000001 0.28
369 OpenWetRich 1 0 0.28 0.8400000000000001 0.28
370 OpenWetRich 1 0 0.28 0.8400000000000001 0.28
391 OpenWetRich 1 0.0003 0 0.28 0.28
119 OpenDryRich 1 0.7482 0.32 0.32 0.32
136 OpenDryRich 1 0.0648 0.64 0.64 0.32
137 OpenDryRich 1 0.08320000000000001 0.64 0.96 0.32
138 OpenDryRich 1 0.006 0.64 0.96 0.32
139 OpenDryRich 1 0.0021000000000000003 0.64 0.96 0.32
140 OpenDryRich 1 0.188 0.32 0.96 0.32
154 OpenDryRich 1 0.0128 0.64 0.64 0.32
155 OpenDryRich 1 0 0.64 0.96 0.32
156 OpenDryRich 1 0.0036 0.64 0.96 0.32
157 OpenDryRich 1 0.1014 0.64 1.28 0.32
158 OpenDryRich 1 0.1364 0.64 1.28 0.32
159 OpenDryRich 1 0.0748 0.64 1.28 0.32
160 OpenDryRich 1 0.055799999999999995 0.64 1.28 0.32
161 OpenDryRich 1 0.019000000000000003 0.64 1.28 0.32
162 OpenDryRich 1 0.30529999999999996 0.32 0.64 0.32
163 OpenDryPoor 1 0.9702 0.64 0.64 0.32
164 OpenDryPoor 1 0 0.32 0.64 0.32
175 OpenDryRich 1 0.010400000000000001 0.64 0.96 0.32
176 OpenDryRich 1 0.0242 0.64 1.28 0.32
177 OpenDryRich 1 0.45560000000000006 0.64 1.28 0.32
178 OpenDryRich 1 0.5183 0.64 1.28 0.32
179 OpenDryRich 1 0.4624000000000001 0.64 1.28 0.32
180 OpenDryRich 1 0.19 0.32 0.96 0.32
181 OpenDryRich 1 0.1276 0.32 0.96 0.32
182 OpenDryRich 1 0.0874 0.32 0.96 0.32
183 OpenDryRich 1 0.41600000000000004 0 0.64 0.32
184 OpenDryPoor 1 0 0.32 0.64 0.32
185 OpenDryPoor 1 0 0.32 0.96 0.32
196 OpenDryRich 1 0 0.64 0.96 0.32
197 OpenDryRich 1 0.354 0.64 1.28 0.32
198 OpenDryRich 1 0.4692 0.64 1.28 0.32
199 OpenDryRich 1 0.54 0.64 1.28 0.32
200 OpenDryRich 1 0 0.32 0.96 0.32
201 OpenWetPoor 1 0 0.64 0.64 0.32
202 OpenWetPoor 1 0 0.64 0.96 0.32
203 OpenWetPoor 1 0 0 0.32 0.32
204 ForestWetPoor 1 0 0.32 0.32 0.32
205 ForestWetPoor 1 0 0 0.32 0.32
206 OpenDryPoor 1 0 0 0.32 0.32
217 OpenDryRich 1 0.341 0.64 0.96 0.32
218 OpenDryRich 1 0.3844 0.64 1.28 0.32
219 OpenDryRich 1 0.42250000000000004 0.64 1.28 0.32
220 OpenDryRich 1 0 0.32 0.96 0.32
221 OpenDryRich 1 0 0 0.64 0.32
222 OpenWetPoor 1 0 0.32 0.64 0.32
223 OpenWetPoor 1 0 0 0.64 0.32
238 OpenDryRich 1 0 0.32 0.64 0.32
239 OpenDryRich 1 0.44849999999999995 0.32 0.96 0.32
240 OpenDryRich 1 0 0 0.64 0.32
259 ForestWetPoor 1 0 0 0 0.32
260 ForestWetRich 1 0.25079999999999997 0.64 0.64 0.32
261 ForestWetRich 1 0.16799999999999998 0.64 0.96 0.32
262 ForestWetRich 1 0.372 0.32 0.64 0.32
281 ForestWetRich 1 0.12179999999999999 0.32 0.64 0.32
282 ForestWetRich 1 0.0091 0.32 0.96 0.32
283 ForestWetRich 1 0.30820000000000003 0 0.64 0.32
284 OpenWetRich 1 0.30820000000000003 0.64 0.64 0.32
285 OpenWetRich 1 0.38480000000000003 0.64 0.96 0.32
286 OpenWetRich 1 0.4446 0.32 0.64 0.32
301 ForestDryPoor 1 0 0.64 0.64 0.32
302 ForestDryPoor 1 0 0.32 0.64 0.32
303 ForestDryRich 1 0.0464 0.64 0.64 0.32
304 ForestDryRich 1 0.38880000000000003 0.32 0.64 0.32
305 OpenWetRich 1 0.30820000000000003 0.64 0.96 0.32
306 OpenWetRich 1 0 0.64 1.28 0.32
307 OpenWetRich 1 0.38480000000000003 0.32 0.96 0.32
308 ForestWetPoor 1 0 0.32 0.32 0.32
322 ForestDryPoor 1 0 0.64 0.96 0.32
323 ForestDryPoor 1 0 0.32 0.96 0.32
324 ForestDryRich 1 0.23199999999999998 0.64 0.96 0.32
325 ForestDryRich 1 0.38880000000000003 0 0.64 0.32
326 OpenWetRich 1 0.396 0.64 0.96 0.32
327 OpenWetRich 1 0.3996 0.64 1.28 0.32
328 OpenWetRich 1 0.3528 0.32 0.96 0.32
329 ForestWetPoor 1 0 0 0.32 0.32
343 ForestDryPoor 1 0 0.32 0.64 0.32
344 ForestDryPoor 1 0 0 0.64 0.32
345 ForestDryRich 1 0.20350000000000001 0 0.32 0.32
346 OpenWetRich 1 0.2752 0.64 0.64 0.32
347 OpenWetRich 1 0.396 0.64 1.28 0.32
348 OpenWetRich 1 0.4015 0.64 1.28 0.32
349 OpenWetRich 1 0.2948 0.32 0.96 0.32
367 OpenWetRich 1 0.20720000000000002 0.32 0.64 0.32
368 OpenWetRich 1 0.20720000000000002 0.32 0.96 0.32
369 OpenWetRich 1 0 0.32 0.96 0.32
370 OpenWetRich 1 0 0.32 0.96 0.32
391 OpenWetRich 1 0.0003 0 0.32 0.32
